0.963 0.787 1.000 0

0.949 0.796 0.999 0

0.975 0.789 1.000 0
0.929 0.788 1.000 0
0.911 0.780 0.999 0
0.637 1.000 1.000 1
0.635 0.997 0.999 1
0.579 0.911 1.000 1
0.595 0.946 0.997 1
0.606 0.936 1.000 1
0.370 0.446 0.508 2
0.333 0.413 0.506 2
0.355 0.452 0.509 2
0.486 0.506 0.619 2
0.261 0.304 0.426 2
0.588 0.736 0.578 2
0.589 0.735 0.577 2
0.589 0.733 0.575 2
0.590 0.732 0.573 2
0.591 0.731 0.572 2
0.591 0.729 0.570 2
0.592 0.728 0.569 2
0.593 0.727 0.567 2
0.594 0.726 0.566 2
0.594 0.725 0.565 2
0.595 0.724 0.563 2
0.596 0.723 0.562 2
0.597 0.722 0.561 2
0.598 0.721 0.560 2
0.599 0.720 0.560 2
0.600 0.719 0.561 2
0.602 0.718 0.563 2
0.603 0.718 0.565 2
0.604 0.717 0.567 2
0.605 0.716 0.569 2
0.606 0.715 0.571 2
0.608 0.715 0.573 2
0.609 0.714 0.576 2
0.610 0.714 0.578 2
0.612 0.713 0.581 2
0.613 0.713 0.584 2
0.615 0.712 0.587 2
0.616 0.712 0.590 2
0.618 0.712 0.593 2
0.619 0.712 0.597 2
0.621 0.711 0.601 2
0.623 0.711 0.604 2
0.624 0.711 0.608 2
0.626 0.711 0.613 2
0.628 0.711 0.617 2
0.629 0.710 0.620 2
0.628 0.711 0.617 2
0.626 0.711 0.613 2
0.624 0.711 0.608 2
0.623 0.711 0.604 2
0.621 0.711 0.601 2
0.619 0.712 0.597 2
0.618 0.712 0.593 2
0.616 0.712 0.590 2
0.615 0.712 0.587 2
0.613 0.713 0.584 2
0.612 0.713 0.581 2
0.610 0.714 0.578 2
0.609 0.714 0.576 2
0.608 0.715 0.573 2
0.629 1.000 1.000 1
0.630 1.000 1.000 1
0.630 1.000 1.000 1
0.631 1.000 1.000 1
0.631 1.000 1.000 1
0.632 1.000 1.000 1
0.632 1.000 1.000 1
0.633 1.000 1.000 1
0.633 1.000 1.000 1
0.634 1.000 1.000 1
0.634 1.000 1.000 1
0.634 1.000 1.000 1
0.635 1.000 1.000 1
0.635 1.000 1.000 1
0.635 1.000 1.000 1
0.635 1.000 1.000 1
0.636 1.000 1.000 1
0.636 1.000 1.000 1
0.636 1.000 1.000 1
0.636 1.000 1.000 1
0.636 1.000 1.000 1
0.636 1.000 1.000 1
0.637 1.000 1.000 1
0.637 1.000 1.000 1
0.637 1.000 1.000 1
0.637 1.000 1.000 1
0.637 1.000 1.000 1
0.637 1.000 1.000 1
0.637 1.000 1.000 1
0.636 1.000 1.000 1
0.636 1.000 1.000 1
0.636 1.000 1.000 1
0.636 1.000 1.000 1
0.636 1.000 1.000 1
0.636 1.000 1.000 1
0.635 1.000 1.000 1
0.635 1.000 1.000 1
0.635 1.000 1.000 1
0.635 1.000 1.000 1
0.634 1.000 1.000 1
0.634 1.000 1.000 1
0.634 1.000 1.000 1
0.633 1.000 1.000 1
0.633 1.000 1.000 1
0.632 1.000 1.000 1
0.632 1.000 1.000 1
0.631 1.000 1.000 1
0.631 1.000 1.000 1
0.630 1.000 1.000 1
0.630 1.000 1.000 1
0.854 1.000 0.786 0
0.859 1.000 0.785 0
0.864 1.000 0.785 0
0.870 1.000 0.786 0
0.875 1.000 0.786 0
0.880 1.000 0.785 0
0.885 1.000 0.786 0
0.891 1.000 0.785 0
0.896 1.000 0.786 0
0.902 1.000 0.785 0
0.907 1.000 0.786 0
0.913 1.000 0.785 0
0.918 1.000 0.785 0
0.924 1.000 0.785 0
0.930 1.000 0.785 0
0.935 1.000 0.785 0
0.941 1.000 0.785 0
0.947 1.000 0.785 0
0.953 1.000 0.785 0
0.958 1.000 0.786 0
0.964 1.000 0.785 0
0.970 1.000 0.785 0
0.975 1.000 0.785 0
0.982 1.000 0.785 0
0.988 1.000 0.786 0
0.992 1.000 0.785 0
0.988 1.000 0.786 0
0.982 1.000 0.785 0
0.975 1.000 0.785 0
0.970 1.000 0.785 0
0.964 1.000 0.785 0
0.958 1.000 0.786 0
0.953 1.000 0.785 0
0.947 1.000 0.785 0
0.941 1.000 0.785 0
0.935 1.000 0.785 0
0.930 1.000 0.785 0
0.924 1.000 0.785 0
0.918 1.000 0.785 0
0.913 1.000 0.785 0
0.907 1.000 0.786 0
0.902 1.000 0.785 0
0.896 1.000 0.786 0
0.891 1.000 0.785 0
0.885 1.000 0.786 0
0.880 1.000 0.785 0
0.875 1.000 0.786 0
0.870 1.000 0.786 0
0.864 1.000 0.785 0
0.859 1.000 0.785 0
