3 3 2 4 5 
5 -0.150537 3.39743 -2.17169 2.85107 0.585009 
5 1.71002 -0.740448 1.58726 -0.270289 0.746605 
5 1.57872 0.698047 0.801782 -0.0656996 0.303995 
5 -1.93908 -2.53631 -0.802397 -1.88973 0.165899 

6 2.19694 0.388309 0.088564 0.383907 -0.477029 0.37788 
6 0.597009 0.447149 1.44798 1.95214 -0.284386 0.663045 
6 1.19591 -0.119201 -0.816139 -0.507053 0.159073 0.802606 
6 0.578684 0.0763122 1.19676 1.51476 0.758902 0.925718 
6 -0.034364 -0.125878 -0.154059 -0.579216 0.455184 0.209601 

4 0.0703218 1.29301 -1.71942 0.999695 
4 -0.343209 0.176109 0.0748167 0.297281 
4 -0.0504366 -0.821133 -0.0136801 0.0926237 
4 1.60573 -0.593911 -0.0973194 0.91879 
4 -0.028685 -0.182367 0.241042 0.691183 
4 1.39299 0.0672058 1.50081 0.205359 

